ELO:1060
C_CENTERCONTROL:0.31510646632618977
C_DEVELOPPIECES:0.8622769112334183
C_KINGPROTECTION:0.1370341244988386
C_MATERIALANDSAFETY:0.5151311612915284
C_ROOKANDPAWNMOVEMENT:0.3240963452575511
CE_KINGACTIVITY:0.7398115099089465
CE_KINGPROTECTION:0.4705814672838779
CE_MATERIALANDSAFETY:0.8039934022633914
CE_PASSEDPAWNS:0.6105136705786252
