ELO:1034
C_CENTERCONTROL:0.528767896699206
C_DEVELOPPIECES:0.17829580143652266
C_KINGPROTECTION:0.3005646693888324
C_MATERIALANDSAFETY:0.8952792298782222
C_ROOKANDPAWNMOVEMENT:0.8952792298782222
CE_KINGACTIVITY:0.033322005902714696
CE_KINGPROTECTION:0.7688667631603371
CE_MATERIALANDSAFETY:0.45250671564198036
CE_PASSEDPAWNS:0.6105136705786252
