ELO:1051
C_CENTERCONTROL:0.756807115932272
C_DEVELOPPIECES:0.5800936659635855
C_KINGPROTECTION:0.21350838575399503
C_MATERIALANDSAFETY:0.7032842612509065
C_ROOKANDPAWNMOVEMENT:0.7133120267886881
CE_KINGACTIVITY:0.575262903558027
CE_KINGPROTECTION:0.5225189354523219
CE_MATERIALANDSAFETY:0.9658876512484835
CE_PASSEDPAWNS:0.4400712910298097
