ELO:1131
C_CENTERCONTROL:0.9736778501422497
C_DEVELOPPIECES:0.17564324569116474
C_KINGPROTECTION:0.06753191419523596
C_MATERIALANDSAFETY:0.7659519163662891
C_ROOKANDPAWNMOVEMENT:0.5168059117001899
CE_KINGACTIVITY:0.7680027282996071
CE_KINGPROTECTION:0.7132668965709422
CE_MATERIALANDSAFETY:0.8039934022633914
CE_PASSEDPAWNS:0.18114361765904918
