ELO:1099
C_CENTERCONTROL:0.1457867711227132
C_DEVELOPPIECES:0.35652955965574595
C_KINGPROTECTION:0.06753191419523596
C_MATERIALANDSAFETY:0.5168059117001899
C_ROOKANDPAWNMOVEMENT:0.6565522510409332
CE_KINGACTIVITY:0.1162959454386927
CE_KINGPROTECTION:0.06147362926710853
CE_MATERIALANDSAFETY:0.2612360299604311
CE_PASSEDPAWNS:0.4265416179024144
