ELO:1056
C_CENTERCONTROL:0.9526929483652334
C_DEVELOPPIECES:0.7
C_KINGPROTECTION:0.7115024245984239
C_MATERIAL:0.5168059117001899
C_ROOKANDPAWNMOVEMENT:0.08855483163442891
CE_KINGACTIVITY:0.7680027282996071
CE_KINGPROTECTION:0.7132668965709422
CE_MATERIAL:0.29820667706019244
CE_PASSEDPAWNS:0.900760707837802
C_SAFETY:0.8
CE_SAFETY:0.8
