ELO:1153
C_CENTERCONTROL:0.08538215208253219
C_DEVELOPPIECES:0.17829580143652266
C_KINGPROTECTION:0.006794399739547208
C_MATERIALANDSAFETY:0.35960426033914805
C_ROOKANDPAWNMOVEMENT:0.6565522510409332
CE_KINGACTIVITY:0.1162959454386927
CE_KINGPROTECTION:0.06147362926710853
CE_MATERIALANDSAFETY:0.2612360299604311
CE_PASSEDPAWNS:0.4265416179024144