ELO:1111
C_CENTERCONTROL:0.6564851101494446
C_DEVELOPPIECES:0.17564324569116474
C_KINGPROTECTION:0.5856196574047164
C_MATERIALANDSAFETY:0.5168059117001899
C_ROOKANDPAWNMOVEMENT:0.5168059117001899
CE_KINGACTIVITY:0.7398115099089465
CE_KINGPROTECTION:0.7688667631603371
CE_MATERIALANDSAFETY:0.6667712819709666
CE_PASSEDPAWNS:0.1615895844629107
