ELO:1104
C_CENTERCONTROL:0.08538215208253219
C_DEVELOPPIECES:0.17829580143652266
C_KINGPROTECTION:0.06753191419523596
C_MATERIALANDSAFETY:0.5168059117001899
C_ROOKANDPAWNMOVEMENT:0.4142868772360206
CE_KINGACTIVITY:0.1162959454386927
CE_KINGPROTECTION:0.12404497270948145
CE_MATERIALANDSAFETY:0.37525810987464714
CE_PASSEDPAWNS:0.18114361765904918
