ELO:1116
C_CENTERCONTROL:0.08728616745190898
C_DEVELOPPIECES:0.3756818767920717
C_KINGPROTECTION:0.8147845007223442
C_MATERIALANDSAFETY:0.6565522510409332
C_ROOKANDPAWNMOVEMENT:0.0815491285411882
CE_KINGACTIVITY:0.955295386134658
CE_KINGPROTECTION:0.06147362926710853
CE_MATERIALANDSAFETY:0.6463833672023711
CE_PASSEDPAWNS:0.9755367593850159
