ELO:1077
C_CENTERCONTROL:0.3878658615085037
C_DEVELOPPIECES:0.17564324569116474
C_KINGPROTECTION:0.006794399739547208
C_MATERIALANDSAFETY:0.7659519163662891
C_ROOKANDPAWNMOVEMENT:0.5168059117001899
CE_KINGACTIVITY:0.7398115099089465
CE_KINGPROTECTION:0.7688667631603371
CE_MATERIALANDSAFETY:0.6463833672023711
CE_PASSEDPAWNS:0.006401621209361159
