ELO:1024
C_CENTERCONTROL:0.11734280890574414
C_DEVELOPPIECES:0.17564324569116474
C_KINGPROTECTION:0.6706614363664292
C_MATERIALANDSAFETY:0.9693735740881355
C_ROOKANDPAWNMOVEMENT:0.0815491285411882
CE_KINGACTIVITY:0.9932625088900201
CE_KINGPROTECTION:0.34284558442274204
CE_MATERIALANDSAFETY:0.9386193644151766
CE_PASSEDPAWNS:0.4670132284746881
