ELO:940
C_CENTERCONTROL:0.9558258840639215
C_DEVELOPPIECES:0.13633921359480133
C_KINGPROTECTION:0.6064202180948959
C_MATERIALANDSAFETY:0.056061651309736595
C_ROOKANDPAWNMOVEMENT:0.0645612377984915
CE_KINGACTIVITY:0.6212456783924497
CE_KINGPROTECTION:0.4867819279339114
CE_MATERIALANDSAFETY:0.10201703867633448
CE_PASSEDPAWNS:0.6795585690364684
