ELO:747
C_CENTERCONTROL:0.42050495380567743
C_DEVELOPPIECES:0.42491938810060553
C_KINGPROTECTION:0.9701247480307206
C_MATERIALANDSAFETY:0.01964610755180828
C_ROOKANDPAWNMOVEMENT:0.01975528448168501
CE_KINGACTIVITY:0.5548213954318287
CE_KINGPROTECTION:0.6878856278360198
CE_MATERIALANDSAFETY:0.11309996360948138
CE_PASSEDPAWNS:0.8348689882486333
