ELO:1022
C_CENTERCONTROL:0.31510646632618977
C_DEVELOPPIECES:0.17564324569116474
C_KINGPROTECTION:0.3005646693888324
C_MATERIALANDSAFETY:0.5913306434640275
C_ROOKANDPAWNMOVEMENT:0.5913306434640275
CE_KINGACTIVITY:0.8871969835113755
CE_KINGPROTECTION:0.18757010332880686
CE_MATERIALANDSAFETY:0.9386193644151766
CE_PASSEDPAWNS:0.15836846622087264