ELO:999
C_CENTERCONTROL:0.30599104059290916
C_DEVELOPPIECES:0.8964125250211894
C_KINGPROTECTION:0.6758979379698824
C_MATERIALANDSAFETY:0.9974688170039192
C_ROOKANDPAWNMOVEMENT:0.3057101325686807
CE_KINGACTIVITY:0.1950433083958154
CE_KINGPROTECTION:0.023008705378138698
CE_MATERIALANDSAFETY:0.9386193644151766
CE_PASSEDPAWNS:0.5492076304961476
