ELO:1079
C_CENTERCONTROL:0.08538215208253219
C_DEVELOPPIECES:0.8041831992872364
C_KINGPROTECTION:0.006794399739547208
C_MATERIALANDSAFETY:0.9924288631879215
C_ROOKANDPAWNMOVEMENT:0.5168059117001899
CE_KINGACTIVITY:0.631807204255391
CE_KINGPROTECTION:0.12404497270948145
CE_MATERIALANDSAFETY:0.8039934022633914
CE_PASSEDPAWNS:0.4265416179024144
