ELO:1070
C_CENTERCONTROL:0.31510646632618977
C_DEVELOPPIECES:0.9206446007486796
C_KINGPROTECTION:0.6706614363664292
C_MATERIALANDSAFETY:0.4142868772360206
C_ROOKANDPAWNMOVEMENT:0.4142868772360206
CE_KINGACTIVITY:0.7398115099089465
CE_KINGPROTECTION:0.18757010332880686
CE_MATERIALANDSAFETY:0.8039934022633914
CE_PASSEDPAWNS:0.4265416179024144
