ELO:1030
C_CENTERCONTROL:0.31510646632618977
C_DEVELOPPIECES:0.9747874048140472
C_KINGPROTECTION:0.5025578708517909
C_MATERIALANDSAFETY:0.7659519163662891
C_ROOKANDPAWNMOVEMENT:0.3766714800429151
CE_KINGACTIVITY:0.7536297645832617
CE_KINGPROTECTION:0.10024121131280296
CE_MATERIALANDSAFETY:0.9802462395794889
CE_PASSEDPAWNS:0.6105136705786252
