ELO:1065
C_CENTERCONTROL:0.3878658615085037
C_DEVELOPPIECES:0.17564324569116474
C_KINGPROTECTION:0.6758979379698824
C_MATERIALANDSAFETY:0.5168059117001899
C_ROOKANDPAWNMOVEMENT:0.5168059117001899
CE_KINGACTIVITY:0.7398115099089465
CE_KINGPROTECTION:0.10024121131280296
CE_MATERIALANDSAFETY:0.9493744720524122
CE_PASSEDPAWNS:0.006401621209361159
