ELO:1068
C_CENTERCONTROL:0.11734280890574414
C_DEVELOPPIECES:0.17564324569116474
C_KINGPROTECTION:0.6811776493381749
C_MATERIALANDSAFETY:0.5913306434640275
C_ROOKANDPAWNMOVEMENT:0.9693735740881355
CE_KINGACTIVITY:0.575262903558027
CE_KINGPROTECTION:0.7688667631603371
CE_MATERIALANDSAFETY:0.45413220352077366
CE_PASSEDPAWNS:0.38677850129463254
