ELO:1115
C_CENTERCONTROL:0.08538215208253219
C_DEVELOPPIECES:0.3756818767920717
C_KINGPROTECTION:0.8071519807567619
C_MATERIALANDSAFETY:0.7032842612509065
C_ROOKANDPAWNMOVEMENT:0.7659519163662891
CE_KINGACTIVITY:0.7158382393566443
CE_KINGPROTECTION:0.4714655250035542
CE_MATERIALANDSAFETY:0.8039934022633914
CE_PASSEDPAWNS:0.7895672080135048
