ELO:1081
C_CENTERCONTROL:0.31510646632618977
C_DEVELOPPIECES:0.6271779317607558
C_KINGPROTECTION:0.6706614363664292
C_MATERIALANDSAFETY:0.5168059117001899
C_ROOKANDPAWNMOVEMENT:0.5168059117001899
CE_KINGACTIVITY:0.7398115099089465
CE_KINGPROTECTION:0.12404497270948145
CE_MATERIALANDSAFETY:0.9493744720524122
CE_PASSEDPAWNS:0.6105136705786252
