ELO:1050
C_CENTERCONTROL:0.9526929483652334
C_DEVELOPPIECES:0.17829580143652266
C_KINGPROTECTION:0.1370341244988386
C_MATERIALANDSAFETY:0.4142868772360206
C_ROOKANDPAWNMOVEMENT:0.5168059117001899
CE_KINGACTIVITY:0.7158382393566443
CE_KINGPROTECTION:0.18757010332880686
CE_MATERIALANDSAFETY:0.29820667706019244
CE_PASSEDPAWNS:0.7373429163973331
