ELO:1107
C_CENTERCONTROL:0.08538215208253219
C_DEVELOPPIECES:0.592091373555238
C_KINGPROTECTION:0.16912474447203518
C_MATERIALANDSAFETY:0.5168059117001899
C_ROOKANDPAWNMOVEMENT:0.5168059117001899
CE_KINGACTIVITY:0.7398115099089465
CE_KINGPROTECTION:0.06147362926710853
CE_MATERIALANDSAFETY:0.37525810987464714
CE_PASSEDPAWNS:0.4265416179024144
