ELO:1087
C_CENTERCONTROL:0.1363851995529253
C_DEVELOPPIECES:0.592091373555238
C_KINGPROTECTION:0.06753191419523596
C_MATERIALANDSAFETY:0.0815491285411882
C_ROOKANDPAWNMOVEMENT:0.5913306434640275
CE_KINGACTIVITY:0.15542376243028455
CE_KINGPROTECTION:0.11469469097452911
CE_MATERIALANDSAFETY:0.2612360299604311
CE_PASSEDPAWNS:0.3895446621226004
